,window
7570,0
7575,1
7580,2
7585,3
7590,4
7595,5
7600,6
7605,7
7610,8
7615,9
7620,10
7625,11
7630,12
7635,13
7640,14
7645,15
7650,16
7655,17
7660,18
7665,19
7670,20
7675,21
7680,22
7685,23
7690,24
7695,25
7700,26
7705,0
7710,1
7715,2
7720,3
7725,4
7730,5
7735,6
7740,7
7745,8
7750,9
7755,10
7760,11
7765,12
7770,13
7775,14
7780,15
7785,16
7790,17
7795,18
7800,19
7805,20
7810,21
7815,22
7820,23
7825,24
7830,25
7835,26
7840,0
7845,1
7850,2
7855,3
7860,4
7865,5
7870,6
7875,7
7880,8
7885,9
7890,10
7895,11
7900,12
7905,13
7910,14
7915,15
7920,16
7925,17
7930,18
7935,19
7940,20
7945,21
7950,22
7955,23
7960,24
7965,25
7970,26
7975,27
7980,28
7985,0
7990,1
7995,2
8000,3
8005,4
8010,5
8015,6
8020,7
8025,8
8030,9
8035,10
8040,11
8045,12
8050,13
8055,14
8060,15
8065,16
8070,17
8075,18
8080,19
8085,20
8090,21
8095,0
8100,1
8105,2
8110,3
8115,4
8120,5
8125,6
8130,7
8135,8
8140,0
8145,1
8150,2
8155,3
8160,4
8165,5
8170,6
8175,7
8180,8
8185,9
8190,10
8195,11
8200,12
8205,13
8210,14
8215,15
8220,16
8225,17
8230,18
8235,19
8240,20
8245,21
8250,22
8255,23
8260,24
8265,25
8270,26
8275,27
8280,0
8285,1
8290,2
8295,3
8300,4
8305,5
8310,6
8315,7
8320,8
8325,9
8330,10
8335,11
8340,12
8345,13
8350,14
8355,15
8360,16
8365,17
8370,18
8375,19
8380,20
8385,21
8390,22
8395,23
8400,24
8405,25
8410,26
8415,27
8420,28
8425,29
8430,0
8435,1
8440,2
8445,3
8450,4
8455,5
8460,6
8465,7
8470,8
8475,9
8480,10
8485,11
8490,12
8495,13
8500,14
8505,15
8510,16
8515,17
8520,18
8525,19
8530,20
8535,21
8540,22
8545,23
8550,24
8555,25
8560,26
8565,27
8570,28
8575,29
